24 32
11111111111121111111111111111111
10000000000001000100000000000001
10111111111101010100111111111101
10100000010101010110100000000101
10101111110101110100101111110101 
10101000010100000100100000100101
10101101010111111100111110101101
10101001010000000000100000100101
10101011010111111110100010110101
10101001010100001M00100010100101
10101101000100001000101111101101
10000001000100001000100000100001
11111001111110011000111110111111
10000000000010000000100000000001
10111111111010000000111111111101
10100010001010111111100010000001
10100010101010100000001010111111
10101010101010100111111010100001
10101010101010100000010010100101
10101010101010111110010010110101
11131000100010100000010010000101
1000111111111M000000010011111101
20000000000010000000010000000001
11111111111111111111111111111111